a:2
b:-4
c:-22
d:24
x1: 4.464101615137754
x2: -2.4641016151377544

a:1
b:-6
c:11
d:-6
x1: 6.0+(-8.0i)
x2: 6.0-(-8.0i)

a:1
b:-3
c:3
d:1
x1: 3.0+(-3.0i)
x2: 3.0-(-3.0i)

a:1
b:6
c:12
d:8
x1: -6.0+(-12.0i)
x2: -6.0-(-12.0i)

