a:2
b:-4
c:-22
d:24
x1: 4.0
x2: -3.0
x3: 0.9999999999999996

a:1
b:-6
c:11
d:-6
x1: 3.0
x2: 1.0
x3: 1.9999999999999998

a:1
b:-3
c:3
d:1
x1: -0.2599210498948732
x2: 1.6299605249474367+i*1.0911236359717214
x3: 1.6299605249474367-i*1.0911236359717214

a:1
b:6
c:12
d:8
x1: -2.0
x2: -2.0
x3: -2.0

